0,0,0,0,0,0,0,0,0,0,0,4,4,4,4,4,0,0,4,4,4,4,4,4,4,4,4,8,8,4,8,0,0,0,0,0,0,0,0,6,0,0,0,0,6,0,2,0,0,0,0,0,0,0,0,0,2,0,0,0,0,8,8,8,8,1,1,1,8,8,8,8,8,8,8,8,8,8,0,2,0,0,0,0,0,0,0,0,0,0,0,0,0,0,0,0,0,0,0,0
0,0,0,0,0,0,6,0,2,0,0,4,4,4,0,0,6,0,0,0,4,4,4,4,4,8,0,0,0,0,0,0,0,0,0,0,0,0,0,0,0,6,6,0,0,0,0,0,0,0,0,0,0,0,8,8,0,1000,0,8,8,8,8,8,1,1,1,1,1,1,8,8,8,8,8,8,8,8,8,0,0,0,0,0,0,0,0,0,0,0,0,0,0,0,0,0,0,0,0,0
0,0,0,0,6,0,0,0,0,0,8,8,8,4,0,6,0,0,6,0,8,4,4,4,8,0,0,6,0,0,0,1000,0,0,0,0,0,2,0,0,0,0,0,0,0,0,0,0,0,0,0,0,0,0,8,8,8,8,8,8,8,8,8,1,1,1,1,1,1,1,1,1,8,8,8,8,8,8,8,8,0,0,0,0,0,0,0,0,0,0,0,0,0,0,0,0,0,0,0,0
0,0,0,0,0,0,0,0,2,0,4,8,2,8,0,6,0,0,6,0,0,4,8,0,4,0,0,6,0,0,0,0,0,0,0,0,0,0,0,0,0,0,0,0,0,0,0,0,0,0,0,0,0,0,8,8,8,8,8,8,8,1,1,1,1,1,1,1,1,1,1,1,1,1,1,1,8,8,8,8,8,0,0,0,0,0,0,0,0,0,0,0,0,0,2,0,0,0,0,0
0,0,6,0,0,0,0,0,0,8,4,8,2,4,8,0,6,6,6,0,8,0,0,0,0,0,6,0,0,0,2,0,0,8,8,0,0,0,0,0,0,0,0,0,0,0,0,0,2,0,0,0,0,0,8,8,8,8,8,8,1,1,1,1,1,1,1,1,1,1,1,1,1,1,1,1,8,8,8,8,8,8,0,0,0,0,0,0,2,0,0,0,0,0,0,0,0,0,0,0
4,0,0,0,6,0,0,0,8,4,4,4,0,0,0,0,0,0,0,4,8,0,0,0,6,6,6,0,0,0,2,0,0,8,8,0,0,0,0,0,0,0,0,0,0,0,0,0,0,0,0,0,8,8,8,8,8,8,1,1,1,1,1,1,1,1,1,1,1,1,1,1,1,1,1,1,1,8,8,8,8,8,8,8,0,0,0,0,0,0,0,0,0,0,0,0,0,0,0,0
2,0,0,0,0,6,0,0,0,4,4,4,8,0,0,0,0,0,0,8,0,0,2,6,0,0,0,0,0,0,0,0,0,8,8,0,0,0,0,0,0,0,0,0,0,0,0,0,0,0,0,0,8,8,8,8,8,8,1,1,1,1,1,1,1,1,1,1,1,1,1,1,1,1,1,1,1,8,8,8,8,8,8,8,0,0,0,0,0,0,0,0,0,0,2,0,0,0,0,0
4,0,0,0,0,6,0,0,0,8,4,8,0,0,2,0,0,0,0,0,0,6,6,0,0,0,0,0,0,0,0,0,0,8,8,0,0,0,0,0,0,0,0,0,0,0,0,0,0,0,0,8,8,8,8,8,8,8,1,1,1,1,1,1,1,1,1,1,1,1,1,1,1,1,1,1,1,8,8,8,8,8,8,8,0,2,0,0,0,0,0,0,0,0,0,0,0,0,0,0
0,0,0,6,0,0,0,6,6,6,0,0,0,6,6,0,6,0,0,0,0,2,6,0,0,0,0,0,0,0,2,0,0,2,0,0,0,0,0,0,0,0,0,0,0,2,0,0,0,0,0,8,8,8,8,8,8,8,1,1,1,1,1,1,1,1,1,1,1,1,1,1,1,1,1,1,1,8,8,8,8,8,8,8,0,2,0,0,0,0,0,0,0,0,0,0,0,0,0,0
0,0,0,0,0,0,0,0,0,0,6,0,0,6,0,0,6,2,0,0,0,0,6,0,0,0,0,0,0,0,0,0,0,0,0,0,0,0,0,0,0,0,0,0,0,0,0,0,8,8,8,8,8,8,8,8,8,1,1,1,1,1,1,1,1,1,1,1,1,1,1,1,1,1,1,1,1,8,8,8,8,8,8,8,8,0,0,0,0,2,0,0,0,0,0,0,0,0,0,0
4,8,0,0,0,0,0,0,0,0,0,0,0,0,0,6,6,0,0,0,0,0,6,0,0,0,0,0,0,0,0,0,0,0,0,0,0,0,0,0,0,0,0,0,0,0,0,8,8,8,8,8,8,8,8,8,8,1,1,1,1,1,1,1,1,1,1,1,1,1,1,1,1,1,1,1,1,8,1,8,8,8,8,8,8,0,0,0,2,0,0,0,8,0,0,0,0,0,0,0
4,8,6,0,0,0,0,0,0,0,0,0,0,0,0,6,6,0,0,0,0,6,6,0,0,0,0,0,0,0,0,0,0,0,0,0,0,0,0,0,0,0,0,0,0,0,2,8,8,8,8,8,8,8,8,8,8,1,1,1,1,1,1,1,1,1,1,1,1,1,1,1,1,1,1,1,1,1,8,8,8,8,8,8,8,0,0,8,8,8,8,8,8,0,0,0,0,0,0,0
4,0,6,0,0,0,0,0,0,0,0,0,0,0,0,0,0,0,6,0,0,6,6,0,0,0,0,0,0,0,0,0,0,0,0,0,0,0,0,0,0,0,0,0,0,0,8,8,8,8,8,8,8,8,8,8,8,8,1,1,1,1,1,1,1,1,1,1,1,1,1,1,1,1,1,1,1,1,8,8,8,8,8,8,8,8,8,8,8,8,8,8,8,0,0,0,0,0,0,0
4,0,0,0,0,0,0,0,0,0,0,0,2,0,0,0,0,0,6,0,0,6,6,0,0,0,0,0,0,0,0,0,0,0,0,0,0,0,0,0,0,0,0,8,8,8,8,8,8,8,8,8,8,8,8,8,8,8,8,1,1,1,1,1,1,1,1,1,1,1,1,1,1,1,1,1,1,1,8,8,8,8,8,8,8,8,8,8,8,8,8,8,8,8,0,0,0,0,0,0
4,0,6,6,0,2,0,0,0,0,2,0,0,0,2,0,0,0,0,0,0,6,0,0,0,0,0,0,0,0,0,0,0,2,0,0,0,0,0,2,0,0,0,8,8,8,8,8,8,8,8,8,8,8,8,8,8,8,8,8,1,1,1,1,1,1,1,1,1,1,1,1,1,1,1,1,1,1,8,8,8,8,8,8,8,8,8,8,8,8,8,8,8,8,8,8,0,0,0,0
4,0,6,6,0,0,0,0,0,0,0,0,0,0,0,0,0,0,0,0,6,0,0,0,0,0,0,0,0,0,0,0,0,0,0,0,0,0,0,0,0,0,0,0,8,8,8,8,8,8,8,8,8,8,8,8,8,8,8,8,8,1,1,1,1,1,1,1,1,1,1,1,1,1,1,1,8,8,8,8,8,8,8,8,8,8,8,8,8,8,8,8,8,8,8,8,0,0,0,0
0,6,0,0,0,0,0,0,0,0,0,0,0,0,0,0,0,0,2,0,0,0,0,0,0,0,0,0,0,0,0,0,0,0,0,0,0,0,0,0,0,0,0,0,8,8,8,8,8,8,8,8,8,8,8,8,8,8,8,8,8,8,1,1,1,1,1,1,1,1,1,1,1,1,1,8,8,8,8,8,8,8,8,8,8,8,8,8,8,8,8,8,8,8,8,8,0,0,0,0
0,6,0,0,0,0,0,0,0,0,0,0,0,0,0,0,0,0,0,0,0,0,0,0,0,0,0,2,0,0,2,0,0,0,0,0,0,0,0,0,0,0,0,0,0,8,8,8,8,8,8,8,8,8,8,8,8,8,8,8,8,8,8,1,1,1,1,1,1,1,1,1,1,1,8,8,8,8,8,8,8,8,8,8,8,8,8,8,8,8,8,8,8,8,8,8,8,0,0,0
0,0,0,0,0,0,0,0,0,8,8,0,0,0,0,0,0,0,0,0,0,2,0,0,0,0,2,0,0,0,8,0,0,0,0,0,0,0,0,0,0,0,0,0,0,8,8,8,8,8,8,8,8,8,8,8,8,8,8,8,8,8,8,1,1,1,1,1,1,1,1,1,8,8,8,8,8,8,8,8,0,8,8,8,8,8,8,8,8,8,8,8,8,8,8,8,8,8,8,8
8,0,6,0,0,0,0,0,0,8,8,8,8,8,8,0,0,0,0,0,0,0,0,0,0,0,0,0,8,8,0,0,0,0,0,0,0,0,0,0,0,0,0,0,0,0,8,8,8,8,8,8,8,8,8,8,8,8,8,8,8,8,8,8,1,1,1,1,1,8,8,8,8,8,8,8,8,8,0,0,0,8,8,8,8,8,8,8,8,8,8,8,8,8,8,8,8,8,8,8
0,0,6,0,0,0,0,0,2,8,8,8,8,8,8,0,0,0,0,0,0,0,0,0,0,0,0,8,8,8,0,0,0,0,0,0,0,0,0,0,0,0,0,0,0,0,8,8,8,8,8,8,8,8,8,8,8,8,8,8,8,8,8,8,8,8,8,8,8,8,8,8,8,8,8,8,0,0,0,0,0,8,8,8,8,8,8,8,8,8,8,8,8,8,8,8,8,8,8,8
0,0,0,0,0,0,0,0,0,8,8,8,8,8,8,8,8,8,8,8,8,8,0,0,0,0,8,8,8,0,0,0,2,0,0,0,0,0,0,0,0,0,0,0,0,0,8,8,8,8,8,8,8,8,8,8,8,8,8,8,8,8,8,8,8,8,8,8,8,8,8,8,8,8,8,8,0,0,0,0,0,0,0,8,8,8,8,8,8,8,8,8,0,8,8,8,8,8,8,8
0,0,0,0,0,0,0,0,0,0,8,8,8,8,8,8,8,8,8,8,8,8,0,0,0,8,8,8,8,0,0,2,0,0,0,0,0,0,2,0,0,0,0,0,0,0,8,8,8,8,8,8,8,8,8,8,8,8,8,8,8,8,8,8,8,8,8,8,8,8,8,8,8,8,8,0,0,0,0,0,0,0,0,8,8,0,0,0,8,8,0,0,0,8,8,8,8,8,8,8
0,0,0,0,0,0,0,0,0,0,0,8,8,8,8,8,8,8,8,8,8,8,0,0,0,8,8,8,8,0,0,0,0,0,0,0,0,0,0,0,0,0,0,0,0,0,0,8,8,8,8,8,8,8,8,8,8,8,8,8,8,8,8,8,8,8,8,8,8,8,8,8,8,8,8,0,0,0,0,0,0,2,0,8,8,8,0,0,0,8,0,0,8,8,8,8,8,8,8,8
6,0,0,0,2,0,0,0,0,0,0,8,8,8,8,8,8,8,8,8,8,8,8,8,0,0,8,8,8,0,0,0,0,0,0,0,0,0,0,0,0,0,0,0,0,0,0,8,8,8,8,8,8,8,8,8,8,8,8,8,8,8,8,8,8,8,8,8,8,8,8,8,8,8,8,8,0,0,2,0,0,0,0,0,8,8,8,8,0,8,2,0,0,8,8,8,8,8,8,8
0,0,2,0,0,0,0,0,0,0,0,8,8,8,8,8,8,8,8,8,8,8,8,0,0,0,0,0,8,8,8,0,0,0,0,2,0,0,0,0,0,0,0,0,0,0,0,0,8,8,8,8,8,8,8,8,8,8,8,8,8,8,8,8,8,8,8,8,8,8,8,8,8,0,0,0,0,0,0,0,0,2,0,0,8,8,8,8,8,8,8,8,8,8,8,8,8,8,8,8
0,0,0,0,0,0,0,0,0,0,0,8,8,8,8,8,8,8,8,8,8,8,8,0,0,0,0,0,8,8,8,2,0,0,0,0,0,0,0,0,0,0,0,0,0,0,0,2,8,8,8,8,8,8,8,8,8,8,8,8,8,8,8,8,8,8,8,8,8,8,8,8,8,0,0,0,0,0,0,0,0,0,0,8,8,8,8,8,8,8,8,8,8,8,8,8,8,8,8,8
0,0,0,0,0,0,0,0,0,0,0,0,8,8,8,8,8,8,8,8,8,8,8,8,0,0,0,0,8,0,8,8,8,0,1000,0,0,0,0,0,0,0,2,0,0,0,0,0,0,8,8,8,8,8,8,8,8,8,8,8,8,8,8,8,8,8,8,8,8,8,8,8,0,0,0,0,0,0,0,0,0,0,0,0,8,8,8,8,8,8,8,8,8,8,8,8,8,8,8,8
0,0,0,0,0,0,0,0,0,0,2,8,8,8,8,8,8,8,8,8,8,8,8,8,0,0,0,8,8,8,8,8,8,8,0,0,0,0,0,0,0,0,0,0,0,0,0,0,0,8,8,8,8,8,8,8,8,8,8,8,8,8,8,8,8,8,8,8,0,0,8,0,0,0,0,0,0,0,0,0,0,0,0,2,0,8,8,8,8,8,8,8,8,8,8,8,8,8,8,8
0,0,0,2,0,0,0,0,0,0,0,8,8,8,8,8,8,8,8,8,8,8,8,8,8,8,8,8,8,8,8,8,8,8,8,2,0,0,0,0,0,0,0,0,0,0,0,0,0,0,0,0,8,8,8,8,8,8,8,8,8,8,8,8,8,8,8,8,0,0,0,0,0,0,0,0,0,0,0,0,0,0,0,0,0,0,0,8,8,8,8,8,8,0,8,0,0,0,0,0
0,0,0,0,0,0,0,0,0,0,0,8,8,8,8,8,8,8,8,8,8,8,8,8,8,8,8,8,8,8,8,8,8,8,8,0,0,0,0,0,0,0,0,0,0,0,0,0,0,0,0,8,8,8,8,8,8,8,8,8,8,8,8,8,8,8,8,8,0,0,0,0,0,0,0,0,0,2,2,0,0,0,0,0,0,0,0,0,8,8,8,8,8,8,8,8,0,0,0,0
0,0,0,2,0,2,0,0,0,0,0,8,8,8,8,8,8,8,8,8,8,8,8,8,8,8,8,8,8,8,8,8,8,8,8,8,0,0,0,0,0,0,0,0,0,0,0,0,0,2,0,8,8,8,8,8,8,8,8,8,8,8,8,8,8,8,8,8,0,0,0,0,2,0,0,0,0,0,0,0,0,2,0,0,0,0,0,0,0,8,8,8,8,8,8,8,8,0,0,0
0,0,0,0,0,0,0,0,0,0,0,2,8,8,8,8,8,1,8,8,8,1,8,8,8,8,8,8,8,8,8,8,8,8,8,8,8,8,0,0,0,0,0,0,0,0,0,0,0,0,8,8,8,8,8,8,8,8,8,8,8,8,8,8,8,8,8,8,0,0,0,0,0,0,0,0,0,0,0,0,0,0,0,0,0,0,0,0,0,8,8,8,8,8,8,8,0,0,0,0
0,0,0,0,0,0,8,0,0,0,0,8,8,8,8,1,1,1,1,1,1,1,1,8,8,8,8,8,8,8,8,8,8,8,8,8,8,8,8,0,0,0,0,0,0,0,0,0,0,0,8,8,8,8,8,8,8,8,8,8,8,8,8,8,8,8,8,0,0,0,0,0,0,0,0,0,0,0,0,2,0,0,0,0,0,0,0,0,0,0,8,8,8,8,0,8,0,0,0,0
0,0,0,0,0,0,0,0,0,0,8,8,8,8,8,1,1,1,1,1,1,1,1,1,8,8,8,8,8,8,8,8,8,8,8,8,8,8,8,0,0,0,0,0,0,0,0,0,0,2,8,8,8,8,8,8,8,8,8,8,8,8,8,8,8,8,8,0,0,0,0,0,0,0,0,0,0,0,0,0,0,0,0,0,2,0,0,0,0,2,0,0,8,0,0,0,0,0,0,0
0,0,0,0,0,0,0,0,0,8,8,8,8,8,8,1,1,1,1,1,1,1,1,1,8,8,8,8,8,8,8,8,8,8,8,8,8,8,8,8,0,0,0,0,0,0,0,0,0,2,8,8,8,8,8,8,8,8,8,8,8,8,8,8,8,2,0,0,0,0,0,0,0,0,0,0,0,2,0,0,0,0,0,0,0,0,0,0,2,0,0,0,0,2,0,0,0,0,0,0
0,0,0,0,0,0,0,0,0,8,8,8,8,8,1,1,1,1,1,1,1,1,1,1,1,1,1,1,1,8,8,8,8,8,8,8,8,8,8,8,8,8,0,0,0,0,0,0,0,0,8,8,8,8,8,8,8,8,8,8,8,8,8,8,0,2,0,0,0,0,2,0,0,0,2,0,0,0,0,0,0,0,0,0,0,6,0,0,0,0,0,0,0,0,0,0,0,0,0,0
0,0,0,0,0,0,0,0,0,8,8,8,8,8,1,1,1,1,1,1,1,1,1,1,1,1,1,1,1,1,8,8,8,8,8,8,8,8,8,8,8,8,0,0,0,0,0,0,0,2,8,8,8,8,8,8,8,8,8,8,8,8,8,0,0,0,0,0,0,0,0,0,0,0,0,6,0,0,0,6,6,2,6,6,2,0,0,0,0,0,0,0,0,0,0,8,2,0,2,0
0,0,0,0,0,0,0,0,0,8,8,8,8,8,8,1,1,1,1,1,1,1000,1,1,1,1,1,1,1,1,8,8,8,8,8,8,8,8,8,8,8,8,0,0,0,0,0,0,0,0,8,8,8,8,8,8,8,8,8,8,8,8,0,0,0,0,0,0,0,6,6,6,0,6,2,0,6,6,0,0,0,0,0,0,0,0,6,0,0,0,0,0,0,0,0,0,0,8,0,0
0,0,0,0,0,0,0,0,8,8,8,8,8,8,8,1,1,1,1,1,1,1,1,1,1,1,1,1,1,1,8,8,8,8,8,8,8,8,8,8,8,8,8,0,0,0,0,0,0,8,8,8,8,8,8,8,8,8,8,8,0,0,0,0,0,0,0,0,0,0,0,6,6,0,0,0,2,8,4,4,4,4,4,4,8,8,6,0,0,0,0,0,0,0,0,8,8,8,8,0
0,0,0,0,0,2,0,8,8,8,8,8,8,8,8,1,1,1,1,1,1,1,1,1,1,1,1,1,1,1,1,8,8,8,8,8,8,8,8,8,8,8,8,8,8,0,0,8,8,8,8,8,8,8,8,8,8,8,8,8,0,0,0,0,0,2,0,0,0,0,0,0,6,6,2,4,4,4,4,4,4,4,4,4,4,8,6,0,0,0,0,0,0,0,0,8,8,2,0,0
0,0,0,0,0,0,0,8,8,8,8,8,8,8,8,8,1,1,1,1,1,1,1,1,1,1,1,1,1,1,1,8,8,8,8,8,8,8,8,8,8,8,8,8,8,8,8,8,8,8,8,8,8,8,8,8,8,8,8,0,0,0,0,0,0,0,0,0,6,0,0,0,0,0,8,4,4,4,4,4,4,4,4,4,4,8,0,0,0,0,0,0,0,0,8,8,0,0,0,0
0,0,0,0,0,0,0,8,8,8,8,8,8,8,8,8,1,1,1,1,1,1,1,1,1,1,1,1,1,1,1,1,8,8,8,8,8,8,8,8,8,8,8,8,8,8,8,8,8,8,8,8,8,8,8,8,8,8,0,0,0,0,0,0,0,0,2,6,0,0,0,0,0,0,8,4,4,4,4,4,4,4,4,4,4,4,0,6,0,0,0,0,0,2,0,0,0,0,0,0
0,0,2,0,2,0,0,0,8,8,8,8,8,8,8,8,1,1,1,1,1,1,1,1,1,1,1,1,1,1,1,1,1,1,1,1,8,8,8,8,8,8,8,8,8,8,8,8,8,8,8,8,8,8,8,8,8,0,0,0,0,0,0,0,0,6,0,8,4,4,8,0,6,0,8,8,4,4,4,4,4,8,4,4,8,0,0,0,6,0,0,0,0,0,0,0,0,0,0,0
0,0,0,2,0,0,0,8,8,8,8,8,8,8,8,8,8,1,1,1,1,1,1,1,1,1,1,1,1,1,1,1,1,1,1,1,8,8,8,8,8,8,8,8,8,8,8,8,8,8,8,8,8,8,8,8,8,0,0,0,0,0,0,0,0,0,8,4,4,4,4,0,0,0,4,8,8,4,4,4,4,4,4,4,4,4,8,0,6,0,0,0,0,0,0,0,0,0,0,0
0,2,0,0,2,0,8,8,8,8,8,8,8,8,8,8,8,8,8,8,1,1,1,1,1,1,1,1,1,1,1,1,1,1,1,1,8,8,8,8,8,8,8,8,8,8,8,0,8,8,8,8,8,8,8,8,8,0,0,0,0,0,0,0,0,0,4,4,4,4,4,4,4,4,4,4,4,4,4,4,4,4,4,4,4,4,4,8,0,6,0,0,0,2,0,0,0,0,0,0
0,0,0,0,0,0,8,8,8,8,8,8,8,8,8,8,8,8,8,8,8,8,1,1,1,1,1,1,1,1,1,1,1,1,1,1,8,8,8,8,8,8,8,8,8,8,0,0,0,8,8,8,8,8,8,8,0,0,0,0,0,0,0,0,0,6,4,4,4,4,4,4,4,4,4,4,4,4,4,4,4,4,4,4,4,4,4,4,0,0,6,0,0,0,0,0,2,0,2,0
0,0,0,0,2,0,8,8,8,8,8,8,8,8,8,8,8,8,8,8,8,8,8,1,1,1,1,1,1,1,1,1,1,1,1,8,8,8,8,8,8,8,8,8,8,8,0,0,0,0,0,8,8,8,8,8,0,0,0,0,0,0,0,0,0,0,4,4,4,4,4,4,4,4,4,4,4,4,4,4,4,4,4,4,4,4,4,4,4,8,0,6,0,0,0,0,0,0,0,2
0,2,0,0,2,8,8,8,8,8,8,8,8,8,8,8,8,8,8,8,8,8,8,8,1,1,1,1,1,1,1,1,1,1,8,8,8,8,8,8,8,8,8,8,8,0,0,0,2,0,0,0,0,0,0,0,0,0,0,0,0,0,0,0,6,4,4,4,4,4,4,4,4,4,4,4,4,4,4,4,4,4,4,4,4,4,4,4,4,4,8,0,6,0,0,0,0,0,0,0
0,0,0,0,8,8,8,8,8,8,8,8,8,8,8,8,8,8,8,8,8,8,8,8,1,1,1,1,1,1,1,1,8,8,8,8,8,8,8,8,8,8,8,8,8,0,0,0,0,0,0,2,0,0,0,0,0,0,0,0,0,0,0,0,6,4,4,4,4,4,4,4,4,4,4,4,4,0,4,4,4,4,4,4,4,4,4,4,4,4,4,4,8,6,0,2,0,0,2,0
0,0,0,0,8,8,8,8,8,8,8,8,8,8,8,8,8,8,8,8,8,8,8,8,1,1,1,1,1,1,8,8,8,8,8,8,8,8,8,8,8,8,0,0,0,0,0,2,0,0,0,0,0,0,0,0,0,0,0,0,0,0,0,0,6,0,4,4,4,4,4,4,4,4,4,4,4,4,4,4,4,4,4,4,4,4,4,4,4,4,4,4,4,0,0,0,2,2,0,0
0,0,0,0,8,8,8,8,8,8,8,8,8,8,8,8,8,8,8,8,8,8,8,8,8,8,8,1,8,8,8,8,8,8,8,8,8,8,8,8,0,0,0,0,0,0,0,0,0,0,0,2,0,0,0,0,0,2,0,0,0,0,0,0,0,0,8,4,4,4,4,4,4,4,4,0,4,4,4,4,4,0,4,4,4,4,4,4,4,4,4,4,4,0,0,0,2,0,0,0
0,0,0,0,8,8,8,8,8,8,8,8,8,8,8,8,8,8,8,8,8,8,8,8,8,8,8,1,1,8,8,8,8,8,8,8,8,8,8,8,0,0,0,0,0,0,0,0,0,0,6,0,0,0,0,0,0,0,0,0,0,0,0,0,0,0,0,4,4,4,4,4,4,4,4,0,4,4,4,4,4,4,4,4,4,4,4,4,4,4,4,4,4,0,0,0,0,0,0,0
0,0,0,0,0,8,8,8,8,8,8,8,8,8,8,8,8,8,8,8,8,8,8,8,8,8,8,1,1,8,1000,8,8,8,8,8,8,8,0,0,0,0,0,0,0,0,0,0,0,6,0,6,6,2,0,2,0,0,0,0,0,0,0,0,0,6,0,4,4,4,4,4,4,4,4,4,4,4,4,4,4,4,4,4,4,4,4,4,4,4,4,4,4,0,6,0,0,0,0,0
0,0,0,0,0,0,8,8,8,8,8,8,8,8,8,8,8,8,8,8,8,8,8,8,8,8,1,1,1,1,1,8,8,8,8,8,8,0,0,0,0,0,0,0,0,0,0,0,0,6,6,6,0,0,0,0,0,0,0,0,0,0,0,0,0,2,0,8,8,4,4,4,4,4,4,4,4,4,4,4,4,4,4,0,4,4,4,4,4,4,4,4,4,8,0,0,0,0,0,0
0,0,0,0,0,0,8,8,8,8,8,8,8,8,8,8,8,8,8,8,8,8,8,8,8,8,1,1,1,1,1,8,8,8,8,8,8,2,0,0,0,0,2,0,0,0,2,0,0,6,6,6,6,0,0,0,0,0,0,0,2,0,0,0,0,0,0,8,8,4,4,4,4,4,4,4,4,4,4,4,4,4,4,4,4,4,4,4,4,4,4,4,4,8,0,6,0,0,0,0
0,0,0,0,0,0,0,8,8,8,8,8,2,0,0,0,8,0,0,0,8,8,8,8,8,8,1,1,1,1,1,1,8,8,8,8,8,8,8,8,8,8,0,0,0,0,0,0,0,6,6,6,6,0,0,0,0,0,0,0,0,0,0,0,0,0,0,0,4,4,4,4,4,4,4,4,4,4,4,4,4,4,4,4,4,4,4,4,4,4,4,4,0,0,6,0,0,0,0,0
0,0,0,0,0,0,0,0,0,0,0,2,0,0,0,0,0,0,0,0,0,8,8,8,8,1,1,1,1,1,1,1,8,8,8,8,8,8,8,8,8,8,8,0,0,0,0,0,0,0,0,6,0,2,0,0,0,0,0,0,0,0,0,0,0,0,0,6,0,8,4,4,4,4,4,4,4,4,4,4,4,4,4,4,4,0,4,4,4,4,4,4,0,6,0,2,0,0,0,0
0,0,0,0,0,0,0,0,0,2,0,0,0,0,0,0,0,0,0,0,0,0,8,8,8,8,1,1,1,1,1,1,1,8,8,8,8,8,8,8,8,8,8,0,0,0,0,0,0,0,0,2,0,0,0,0,0,0,0,0,0,0,0,0,0,0,0,6,0,0,4,4,4,4,4,4,4,4,4,4,4,4,4,4,4,0,4,4,4,4,4,4,0,6,0,2,0,0,0,0
0,0,0,0,0,0,0,0,0,0,0,0,0,0,0,0,0,0,0,0,0,0,8,8,8,8,1,1,1,1,1,1,1,8,8,8,8,8,8,8,8,8,8,0,0,0,0,0,0,0,0,0,0,2,0,0,0,6,6,0,0,2,0,0,0,0,0,0,6,2,4,4,4,4,4,4,4,4,4,4,4,4,4,4,4,0,4,4,4,4,4,4,8,0,0,6,6,0,0,0
0,0,0,2,0,0,0,8,8,0,2,0,0,0,0,0,0,0,0,0,0,0,8,8,8,8,1,1,1,1,1,1,1,1,8,8,8,8,8,8,8,8,8,8,0,0,0,0,0,0,0,0,0,0,0,0,6,0,8,6,0,0,0,0,0,0,0,0,6,6,8,4,4,4,4,4,4,4,4,4,4,4,4,4,4,0,4,4,4,4,0,0,8,0,8,2,0,6,0,0
0,0,0,0,2,0,0,8,8,8,0,0,0,0,0,0,0,0,0,0,0,0,8,8,8,8,8,8,1,1,1,1,1,1,8,8,8,8,8,8,8,8,8,8,8,0,0,0,0,0,0,0,0,0,0,0,6,0,8,0,0,0,0,0,2,0,0,0,0,0,0,4,4,4,4,4,4,4,4,4,4,4,4,4,4,4,4,4,4,0,6,6,0,0,8,8,8,0,0,0
0,0,0,0,0,0,0,8,8,8,8,0,0,0,0,0,0,0,0,0,0,0,0,8,8,8,8,8,1,1,1,1,1,1,1,8,8,8,8,8,8,8,8,8,8,8,0,0,2,0,0,0,0,0,0,0,6,0,8,4,8,6,0,0,0,0,0,0,0,0,0,0,4,4,4,4,4,4,4,0,4,4,4,4,4,4,4,4,4,8,0,6,0,0,8,8,8,0,0,0
0,0,0,0,0,0,0,0,0,0,0,0,8,8,0,0,0,0,0,0,0,0,2,0,8,8,8,8,8,1,1,1,1,1,1,8,8,8,8,8,8,8,8,8,8,8,0,0,0,0,0,0,0,0,0,0,6,0,8,8,8,0,6,6,6,0,2,0,0,0,0,6,0,4,4,4,4,4,4,4,4,4,4,4,4,4,4,4,4,4,8,0,0,8,8,4,0,0,0,0
0,0,0,0,0,0,0,0,0,0,8,8,8,8,0,0,0,0,0,0,0,0,0,0,8,8,8,8,8,1,1,1,1,1,1,8,8,8,8,8,8,8,8,8,8,8,0,0,0,0,0,0,0,0,0,6,0,0,8,8,4,0,0,6,2,0,0,6,0,6,6,0,0,0,8,0,0,4,4,4,4,4,4,4,4,4,4,4,4,4,4,8,4,4,4,8,0,6,0,0
0,0,0,0,0,0,0,0,0,8,8,8,8,8,8,0,0,0,0,0,0,0,0,8,8,8,8,8,8,8,1,1,1,1,8,8,8,8,8,8,8,8,8,8,8,8,8,8,0,0,0,0,0,0,0,0,0,0,0,0,4,0,0,6,0,0,6,0,6,0,0,0,6,2,0,0,0,8,4,4,4,4,4,4,4,4,4,4,4,4,4,4,4,4,8,0,0,6,0,0
2,0,0,0,0,2,0,0,0,8,8,8,8,8,0,0,0,0,0,0,0,0,8,8,8,8,8,8,8,8,1,1,1,1,1,8,8,8,8,8,8,1,8,8,8,8,8,8,8,0,0,0,0,0,0,0,0,0,6,0,8,8,0,0,0,0,6,6,6,6,6,6,6,2,6,0,0,4,4,4,4,4,4,4,4,4,4,4,4,4,4,4,4,4,4,0,6,0,0,0
0,0,0,0,0,0,0,0,0,8,8,8,8,8,0,0,0,0,0,0,0,8,8,8,8,8,8,8,8,1,1,1,1,1,1,1,1,1,1,1,1,1,8,8,8,8,8,8,0,0,0,0,0,0,0,0,0,0,0,0,0,2,6,0,0,0,0,6,0,0,0,6,0,0,0,0,8,4,4,4,4,4,4,4,4,4,4,4,4,4,4,4,4,4,8,0,6,0,2,0
0,0,0,0,0,0,0,0,0,8,8,0,0,0,0,0,0,0,0,0,8,8,8,8,8,8,8,8,8,1,1,1,1,1,1,1,1,1,1,1,1,1,8,8,8,8,8,8,2,0,0,0,0,0,0,0,0,0,2,0,2,0,0,0,0,0,0,0,0,0,0,0,2,0,6,0,0,8,4,4,4,4,4,4,4,4,4,4,4,4,4,4,4,4,0,0,6,0,0,0
0,0,0,0,0,0,0,0,0,0,0,0,0,0,2,2,0,2,0,8,8,8,8,8,8,8,8,8,8,1,1,1,1,1,1,1,1,1,1,1,1,1,8,8,8,8,8,8,0,0,0,0,0,0,0,0,0,0,0,0,0,0,0,0,0,0,0,0,0,0,0,0,0,0,0,0,0,0,0,4,4,4,4,4,4,4,4,4,4,4,4,4,4,4,0,6,0,0,0,0
0,0,0,0,0,0,0,0,0,0,0,0,0,0,0,0,0,2,0,8,8,8,8,8,8,8,8,8,8,1,1,1,1,1,1,1,1,1,1,1,1,1,8,8,8,8,8,8,2,0,0,0,0,0,0,0,0,0,0,0,0,0,0,0,0,0,0,0,0,0,2,0,0,0,0,0,0,6,6,6,0,4,4,4,4,4,4,4,4,4,4,4,4,8,0,0,0,0,0,0
6,6,0,0,2,0,0,0,0,0,0,0,0,0,0,0,0,2,0,8,8,8,8,8,8,8,8,8,8,1,1,1,1,1,1,1,1,1,1,1,1,1,8,8,8,8,8,8,0,0,0,8,0,0,0,0,0,0,0,0,0,0,0,2,0,0,0,0,0,0,2,0,0,0,0,0,0,0,0,0,0,6,0,0,8,8,4,4,4,4,4,4,0,0,6,0,0,0,0,2
6,6,6,0,0,0,0,0,0,0,0,0,0,0,0,0,0,0,2,8,8,8,8,8,8,8,8,1,1,1,1,1,1,1,1,1,1,1,1,1,1,1,8,8,8,8,8,8,8,2,2,8,8,8,8,8,8,8,0,0,0,0,0,0,0,0,0,0,0,0,0,0,0,0,0,2,0,2,0,0,0,0,6,0,0,0,0,4,4,4,4,8,0,6,2,0,0,0,0,0
6,6,6,6,6,0,0,0,0,0,0,0,0,0,0,0,0,0,0,8,8,8,8,8,8,8,1,8,1,1,1,1,1,1,1,1,1,1,1,1,1,1,8,8,8,8,8,8,8,8,8,8,8,8,8,8,8,8,0,0,0,2,0,0,0,0,2,0,0,0,0,0,0,0,0,0,0,0,0,0,2,0,0,6,0,0,0,4,4,4,4,4,2,0,0,0,0,0,2,0
0,0,2,0,0,6,0,0,0,0,0,0,2,0,0,0,0,0,0,0,8,8,8,8,8,8,8,8,8,1,1,1,1,1,1,1,1,1,1,1,1,8,8,8,8,8,8,8,8,8,8,8,8,8,8,8,8,8,0,0,0,0,0,0,0,0,0,0,0,2,0,0,0,0,0,0,0,0,0,0,0,0,0,0,6,6,0,0,0,4,8,8,0,6,0,0,0,0,0,0
0,8,4,4,4,0,6,0,0,0,0,0,0,0,0,0,0,0,0,8,8,8,8,8,8,8,8,8,8,8,1,1,1,1,1,1,1,1,1,1,1,1,8,8,8,8,8,8,8,8,8,8,8,8,8,8,8,8,0,0,0,0,0,0,0,0,0,0,0,0,2,6,6,0,2,0,0,0,0,0,0,0,0,0,6,0,0,0,0,0,0,0,0,0,0,0,0,0,0,0
8,4,4,4,4,4,0,0,0,0,0,0,0,0,0,0,0,0,0,0,8,8,8,8,8,8,8,8,8,8,8,1,1,1,1,1,1,1,1,1,1,1,1,8,8,8,8,8,8,8,8,8,8,8,8,8,8,8,0,0,0,0,0,0,0,0,0,0,0,0,6,0,0,0,0,0,0,0,0,0,0,0,0,0,6,0,0,6,6,0,2,0,0,0,0,0,0,2,0,0
4,4,4,4,4,4,0,6,0,0,0,2,0,0,0,0,0,0,0,0,0,0,0,8,8,8,8,8,8,8,8,8,8,1,1,1,1,1,1,1,1,1,1,8,8,8,8,8,8,8,8,8,8,8,8,8,8,8,0,0,0,0,0,0,0,0,0,0,0,6,0,0,6,0,0,0,0,0,0,2,0,0,0,0,0,0,6,6,6,6,6,0,2,0,0,0,2,0,0,8
4,4,4,4,4,4,0,0,0,0,0,2,0,0,0,0,0,0,0,0,0,0,0,0,0,0,8,8,8,8,8,8,8,1,1,1,1,1,1,1,1,1,8,8,8,8,8,8,8,8,8,8,8,8,8,8,8,8,0,0,0,0,0,0,0,0,2,0,0,0,0,6,0,0,0,0,0,0,0,0,0,0,0,0,0,0,0,0,0,0,0,0,0,0,0,0,0,0,8,8
4,4,4,4,4,4,4,0,6,0,2,0,0,0,0,0,0,0,0,0,0,0,0,0,0,0,0,8,8,8,8,8,8,8,1,1,1,1,1,1,1,8,8,8,8,8,8,8,8,8,8,8,8,8,8,8,8,0,0,0,0,0,0,0,0,0,0,0,2,0,0,0,0,2,0,2,0,0,2,0,0,0,0,0,0,0,0,0,0,0,2,0,0,0,0,0,0,8,8,8
4,8,4,4,4,4,8,2,6,0,0,0,0,0,0,0,0,0,0,0,0,0,0,0,0,0,0,8,8,8,8,8,8,8,1,1,1,1,1,1,8,8,8,8,8,8,8,8,8,8,8,8,8,8,8,8,0,0,0,0,0,0,0,0,0,0,0,0,0,0,0,0,0,0,0,0,0,0,0,0,0,0,0,0,0,0,0,0,0,0,2,0,0,0,0,0,8,8,8,8
8,8,4,4,4,4,0,0,6,0,0,0,0,0,0,2,0,0,0,0,0,0,0,0,0,0,0,8,8,8,8,8,8,8,8,1,1,1,8,8,8,8,8,8,8,8,8,8,8,8,8,8,8,8,8,8,0,0,0,0,0,0,0,0,0,0,0,0,0,0,0,0,0,0,0,0,0,8,0,0,0,8,0,0,2,0,0,0,0,0,0,2,0,0,0,8,8,8,8,8
4,4,4,4,4,8,0,6,0,0,0,0,0,0,0,0,8,0,0,0,0,0,0,0,0,0,8,8,8,8,8,8,8,8,8,8,8,8,8,8,8,8,8,8,8,8,8,8,8,8,8,8,8,8,8,0,2,0,0,0,0,0,0,0,0,0,0,0,0,0,0,0,0,0,0,0,0,8,8,8,8,8,8,8,8,8,8,0,0,0,0,2,0,0,0,8,8,8,8,8
4,4,4,4,4,0,6,0,0,0,0,0,0,0,0,0,0,0,0,0,0,0,0,0,0,8,8,8,8,8,8,8,8,8,8,8,8,8,8,8,8,8,8,8,8,8,8,8,8,8,8,8,8,8,8,0,0,0,0,0,0,2,0,0,0,0,0,0,0,2,0,0,0,0,0,0,0,8,8,8,8,8,8,8,8,8,8,8,0,0,0,0,0,0,8,8,8,8,8,8
4,4,4,4,4,0,6,6,0,0,0,0,0,0,0,0,0,0,0,2,0,0,0,8,8,8,8,8,0,0,0,0,8,8,8,8,8,8,8,8,8,8,8,8,8,8,8,8,8,8,8,8,8,8,0,0,0,0,0,0,0,2,0,0,0,0,0,0,0,0,0,0,0,0,0,0,0,0,8,8,8,8,8,8,8,8,8,8,8,8,0,0,0,8,8,8,8,8,8,8
4,4,4,4,4,4,0,6,6,0,0,0,0,0,0,0,0,0,0,0,8,8,8,8,8,8,8,8,0,0,0,0,8,8,8,8,8,8,8,8,8,8,8,8,8,8,8,8,8,8,8,8,8,0,0,0,0,0,0,0,0,0,2,0,0,0,0,0,0,0,0,0,0,0,0,0,0,8,8,8,8,8,8,8,8,8,8,8,8,8,8,8,8,8,8,8,8,8,8,8
4,4,4,4,4,4,0,0,6,0,0,0,0,0,0,0,0,0,0,0,8,8,8,8,8,8,8,0,0,0,0,0,0,8,8,8,8,8,8,8,8,8,8,8,8,8,8,8,8,8,8,0,0,0,0,0,2,0,0,0,0,0,0,0,0,0,0,0,0,0,0,0,0,0,0,0,0,0,8,8,8,8,0,0,8,8,8,8,8,8,8,8,8,8,8,8,8,8,8,1
4,4,4,4,4,4,4,8,0,0,2,0,0,0,0,0,0,0,0,0,8,8,8,8,0,2,0,0,0,0,0,0,0,0,8,8,8,8,8,8,8,8,8,8,8,8,8,8,8,8,8,0,0,0,0,0,0,2,0,0,0,0,0,0,0,0,0,0,2,0,0,0,0,0,0,0,0,8,8,8,8,8,0,0,2,8,8,8,8,8,0,0,0,8,8,8,8,8,8,1
4,4,4,4,4,4,4,4,8,6,0,0,0,0,0,0,0,0,0,8,8,8,8,0,0,0,0,0,2,0,0,0,0,0,0,0,0,0,0,2,8,8,8,8,8,8,8,8,8,8,8,2,0,0,0,0,0,0,0,0,2,0,0,0,0,0,0,0,8,0,0,0,0,0,0,0,2,8,8,8,8,8,0,0,0,0,0,0,0,0,0,0,0,2,8,8,8,8,8,1
4,4,4,4,4,4,4,4,4,6,0,0,0,0,0,0,0,0,8,8,8,8,0,0,0,0,0,0,0,0,0,0,0,0,0,0,0,0,0,0,0,8,8,8,8,8,8,8,8,0,0,0,0,0,0,0,0,0,0,0,0,0,0,0,0,0,8,8,8,8,8,0,0,0,0,0,0,0,8,8,8,8,0,0,0,0,0,0,0,0,0,2,0,0,8,8,8,8,8,1
4,4,4,4,4,4,4,4,0,0,0,0,0,0,0,0,0,0,8,8,8,0,0,0,0,0,0,0,0,0,0,0,0,0,0,0,0,0,0,0,0,0,0,0,0,8,8,8,0,0,0,0,2,0,0,0,0,0,0,0,0,0,8,8,8,8,8,8,8,8,8,8,0,0,0,0,0,0,0,0,8,0,0,0,0,0,0,0,0,0,0,0,0,0,0,8,8,8,8,1
4,4,4,4,4,4,4,4,0,0,0,0,0,8,8,0,0,0,0,0,0,0,0,0,0,0,0,0,0,0,0,0,0,0,0,0,0,0,0,0,0,0,0,0,0,0,8,0,0,0,0,8,0,0,0,0,0,0,0,0,0,8,8,8,8,8,8,8,8,8,8,8,0,2,0,0,0,0,0,0,0,0,0,2,0,0,0,0,0,0,0,0,0,0,0,0,8,8,8,0
0,0,4,4,4,4,0,0,0,0,0,0,0,8,8,0,0,0,0,0,0,0,0,0,0,0,0,0,0,0,0,0,0,0,0,0,0,0,0,0,2,0,0,0,0,0,0,0,0,0,0,0,0,0,0,0,0,0,0,8,8,8,8,8,8,8,8,8,8,8,8,8,0,0,0,0,0,0,0,0,0,2,0,0,0,0,0,0,0,0,0,0,0,0,0,0,8,8,0,0
0,0,0,4,4,0,0,0,0,0,0,0,2,8,8,8,8,0,0,0,0,0,0,0,0,0,0,0,0,0,0,0,0,0,6,6,6,0,0,0,6,0,0,0,2,0,0,0,0,0,0,0,0,0,0,0,0,0,0,8,8,8,8,8,8,8,8,8,8,8,0,0,0,2,0,0,0,0,0,0,0,0,0,0,0,0,0,0,0,0,0,0,0,0,0,0,0,8,0,0
2,0,0,0,0,0,0,0,0,0,0,0,0,8,8,8,8,8,0,0,0,0,0,0,0,0,0,0,0,0,0,0,0,0,6,0,0,6,6,0,0,0,6,0,0,0,0,0,0,0,0,0,0,0,0,0,2,0,8,0,8,0,8,8,8,8,8,8,0,0,0,0,0,0,0,0,0,0,0,0,0,0,0,0,0,0,0,0,0,2,0,0,0,0,2,0,0,0,0,0
8,0,0,0,0,0,0,0,0,0,0,0,0,8,8,8,8,8,8,0,0,8,0,0,0,0,0,0,0,0,0,0,0,0,6,0,0,0,0,8,4,0,2,0,0,0,0,0,0,0,0,0,0,0,0,0,0,0,0,0,0,0,0,8,8,8,8,0,0,0,0,0,0,0,0,0,0,0,0,0,0,0,0,0,0,0,0,0,0,0,0,0,0,2,8,0,0,0,8,8
0,0,0,2,0,0,0,0,0,0,0,0,0,8,8,8,8,8,8,0,0,8,0,8,0,0,0,0,0,0,0,0,0,0,0,0,8,8,0,8,4,4,0,6,0,0,0,0,0,0,0,0,0,0,0,0,0,0,0,2,2,0,0,0,0,0,0,0,0,0,0,0,0,0,0,0,0,0,0,0,0,0,0,0,0,0,0,0,0,2,0,0,0,0,0,0,0,0,8,0
0,0,0,0,0,0,0,0,8,8,8,8,8,8,8,8,8,8,8,8,8,8,8,8,0,0,0,0,0,0,0,0,0,0,6,0,4,4,4,4,4,4,0,6,0,0,0,0,0,0,0,0,0,0,0,0,0,0,0,0,0,0,0,0,0,0,0,0,0,0,0,0,0,0,0,0,0,0,0,0,0,0,0,0,0,0,0,0,0,0,0,0,0,0,0,0,0,0,2,0
0,2,0,0,0,0,0,0,8,8,8,8,8,8,8,8,8,8,8,8,8,8,8,8,2,0,0,0,0,0,0,0,0,0,6,8,4,4,4,4,8,0,0,0,6,0,0,0,0,0,0,0,0,0,0,0,0,0,0,0,0,0,0,0,0,2,0,0,0,0,0,0,0,0,0,0,0,0,0,0,0,0,0,0,0,0,0,0,0,0,0,0,0,0,0,0,0,0,0,0
0,0,0,0,0,0,8,0,8,8,8,8,8,8,8,8,8,8,8,8,8,8,8,8,0,0,0,0,0,0,0,0,0,0,6,0,4,4,8,0,0,0,0,0,0,6,0,0,0,0,0,0,0,0,0,0,0,0,0,0,0,0,0,0,0,0,0,0,0,0,0,0,2,0,0,0,0,0,0,0,0,0,0,0,0,0,0,0,0,0,0,0,0,0,0,0,0,0,0,0
